0.02690 -0.00130 0.00059 0.03149 -0.00019 -0.01427
0.02684 -0.00616 0.00484 0.03091 -0.00528 -0.01011
0.02693 0.00393 0.00437 0.03126 0.00430 -0.01014
0.02678 -0.00503 -0.00325 0.03130 -0.00552 -0.01827
0.02692 0.00427 -0.00462 0.03146 0.00400 -0.01870
0.01593 -0.03300 0.01124 0.01666 -0.03456 -0.00236
0.01585 0.03300 0.01005 0.01867 0.03454 -0.00305
0.01588 -0.03300 -0.01179 0.01697 -0.03451 -0.02664
0.01551 0.03300 -0.01010 0.01882 0.03398 -0.02698
0.03300 -0.00808 0.00702 0.03496 -0.01143 -0.00456
0.03278 0.00790 0.00714 0.03591 0.01011 -0.00476
0.03276 -0.00724 -0.00779 0.03500 -0.01116 -0.02283
0.03300 0.00822 -0.00692 0.03645 0.00987 -0.02331
0.033000 -0.033000 0.032839 0.031967 -0.032277 0.002851
0.033000 0.033000 0.032839 0.032383 0.033074 0.002827
