0.02 -0.02 -0.02 0.020512478655124056 -0.019997737856946734 -0.016625284262926008
0.02 -0.01 -0.02 0.02058191593987928 -0.010920700262442353 -0.01651057545980967
0.02 0.00 -0.02 0.020697164716281663 -0.0006491733578725843 -0.01649098723429929
0.02 0.02 -0.02 0.020702689511261127 0.01995513034121538 -0.016375149545209213
0.02 -0.02 -0.01 0.02154654591768039 -0.021496761677410502 -0.008564044237402996
0.02 -0.01 -0.01 0.021834932812715778 -0.011697500785323172 -0.008547202207526293
0.02 0.00 -0.01 0.021982807782417665 -0.0006770647405420504 -0.008995508633349768
0.02 0.01 -0.01 0.021930333847521893 0.010823337187534832 -0.008860214654457067
0.02 0.02 -0.01 0.021670469757924225 0.021213940773897676 -0.009497589887812954
0.02 -0.02 0.00 0.021807755786907565 -0.02181778961267743 -0.00023905727427044355
0.02 -0.01 0.00 0.022151564810650115 -0.011737559090362254 -0.00039624898494862036
0.02 0.00 0.00 0.02234726792452281 -5.6883546214166356e-05 -0.00041615060522195437
0.02 0.01 0.00 0.02229417516589362 0.010728773681405216 -5.0557662500420263e-05
0.02 0.02 0.00 0.022078197040187347 0.02172314129491775 9.619320301533563e-05
0.02 -0.02 0.01 0.021578337675782138 -0.02121436862796321 0.009595836461547528
0.02 -0.01 0.01 0.022007581240622954 -0.011297091347759435 0.008113787103423711
0.02 0.00 0.01 0.022218599564303162 -0.00020750708189672197 0.008035290159697396
0.02 0.01 0.01 0.022133583129794517 0.010678015074892529 0.007956061758452591
0.02 0.02 0.01 0.021818048170642583 0.021421078603537296 0.0092728187933739
0.02 -0.02 0.02 0.020100163804939227 -0.019588619927408586 0.01670928262177226
0.02 -0.01 0.02 0.02066066618384977 -0.009657569625771174 0.016410901727706678
0.02 0.00 0.02 0.02054846802923234 0.0008139721583180517 0.016621527683194023
0.02 0.01 0.02 0.020626423054190098 0.011030197181205424 0.0166926730183094
0.02 0.02 0.02 0.020422148486443092 0.019715876995162005 0.01707721516928656
